0	44.862
0.05	44.87054
0.1	44.89439
0.15	44.96414
0.2	45.05416
0.25	45.16283
0.3	45.31164
0.35	45.45899
0.4	45.60499
0.45	45.76559
0.5	45.96681
0.55	46.16859
0.6	46.37876
0.65	46.57913
0.7	46.77771
0.75	46.94643
0.8	47.1193
0.85	47.30021
0.9	47.49501
0.95	47.68151
1	47.8876
1.05	48.10915
1.1	48.3681
1.15	48.65043
1.2	48.96823
1.25	49.29562
1.3	49.62867
1.35	49.94761
1.4	50.2565
1.45	50.54335
1.5	50.82416
1.55	51.08306
1.6	51.34602
1.65	51.58899
1.7	51.84198
1.75	52.09901
1.8	52.36389
1.85	52.61661
1.9	52.88317
1.95	53.13955
2	53.38965
2.05	53.61748
2.1	53.85505
2.15	54.08436
2.2	54.30328
2.25	54.51986
2.3	54.74806
2.35	54.96194
2.4	55.16757
2.45	55.38112
2.5	55.60078
2.55	55.80056
2.6	56.00833
2.65	56.21217
2.7	56.40388
2.75	56.58737
2.8	56.77063
2.85	56.93357
2.9	57.10595
2.95	57.25964
3	57.41864
3.05	57.57509
3.1	57.72713
3.15	57.88704
3.2	58.04706
3.25	58.18722
3.3	58.35163
3.35	58.51633
3.4	58.65525
3.45	58.79822
3.5	58.9309
3.55	59.047
3.6	59.1364
3.65	59.23504
3.7	59.33104
3.75	59.4025
3.8	59.46559
3.85	59.55436
3.9	59.64099
3.95	59.72774
4	59.84279
4.05	59.94415
4.1	60.01775
4.15	60.09935
4.2	60.16671
4.25	60.21368
4.3	60.29219
4.35	60.3921
4.4	60.44937
4.45	60.50004
4.5	60.58222
4.55	60.63601
4.6	60.65353
4.65	60.70887
4.7	60.7781
4.75	60.7933
4.8	60.77866
4.85	60.79834
4.9	60.82045
4.95	60.81692
5	60.83949
5.05	60.90397
5.1	60.95824
5.15	60.98829
5.2	61.02817
5.25	61.054
5.3	61.05172
5.35	61.01538
5.4	60.97897
5.45	60.96651
5.5	60.97617
5.55	61.00014
5.6	61.05443
5.65	61.11099
5.7	61.14574
5.75	61.16456
5.8	61.17325
5.85	61.16576
5.9	61.13603
5.95	61.10404
6	61.0718
6.05	61.03538
6.1	61.01875
6.15	61.02598
6.2	61.04509
6.25	61.07812
6.3	61.14112
6.35	61.21223
6.4	61.25952
6.45	61.29897
6.5	61.32846
6.55	61.31796
6.6	61.28732
6.65	61.29452
6.7	61.29555
6.75	61.27248
6.8	61.25542
6.85	61.24239
6.9	61.19755
6.95	61.14702
7	61.12883
7.05	61.12093
7.1	61.08535
7.15	61.06183
7.2	61.07215
7.25	61.07019
7.3	61.04785
7.35	61.03104
7.4	60.99187
7.45	60.92048
7.5	60.86897
7.55	60.84944
7.6	60.85805
7.65	60.85094
7.7	60.84001
7.75	60.84514
7.8	60.85612
7.85	60.88064
7.9	60.94044
7.95	60.99146
8	60.99373
8.05	60.94942
8.1	60.88275
8.15	60.80609
8.2	60.72977
8.25	60.65005
8.3	60.59115
8.35	60.5331
8.4	60.47369
8.45	60.41479
8.5	60.38023
8.55	60.35377
8.6	60.32722
8.65	60.29234
8.7	60.27297
8.75	60.22894
8.8	60.16832
8.85	60.1073
8.9	60.0721
8.95	60.03677
9	60.01746
9.05	60.0142
9.1	60.01301
9.15	60.00395
9.2	60.0031
9.25	60.00253
9.3	60.00217
9.35	60.00197
9.4	60.00188
9.45	60.00178
9.5	60.00156
9.55	60.00121
9.6	60.00075
9.65	60.0003
9.7	59.96
9.75	59.91005
9.8	59.85252
9.85	59.78753
9.9	59.70502
9.95	59.62492
10	59.52508
10.05	59.41326
10.1	59.28904
10.15	59.19009
10.2	59.10607
10.25	59.02669
10.3	58.93983
10.35	58.84755
10.4	58.72613
10.45	58.60783
10.5	58.48101
10.55	58.34592
10.6	58.21073
10.65	58.06744
10.7	57.89406
10.75	57.71044
10.8	57.52659
10.85	57.3504
10.9	57.17792
10.95	57.02717
11	56.89642
11.05	56.77597
11.1	56.6502
11.15	56.54546
11.2	56.46005
11.25	56.3861
11.3	56.32557
11.35	56.27243
11.4	56.21246
11.45	56.1455
11.5	56.07729
11.55	56.00574
11.6	55.93677
11.65	55.86444
11.7	55.79467
11.75	55.72157
11.8	55.6509
11.85	55.58032
11.9	55.5094
11.95	55.43775
12	55.37272
12.05	55.30972
12.1	55.24625
12.15	55.18586
12.2	55.12619
12.25	55.05899
12.3	54.98813
12.35	54.91375
12.4	54.83583
12.45	54.75252
12.5	54.66426
12.55	54.57098
12.6	54.47434
12.65	54.37587
12.7	54.27255
12.75	54.16977
12.8	54.06781
12.85	53.96179
12.9	53.85031
12.95	53.7421
13	53.63589
13.05	53.52645
13.1	53.41927
13.15	53.31673
13.2	53.21487
13.25	53.11163
13.3	53.01084
13.35	52.91683
13.4	52.82187
13.45	52.7254
13.5	52.63507
13.55	52.54486
13.6	52.45432
13.65	52.36178
13.7	52.27328
13.75	52.18683
13.8	52.10064
13.85	52.01077
13.9	51.92439
13.95	51.83065
14	51.72987
14.05	51.62582
14.1	51.52111
14.15	51.4117
14.2	51.30219
14.25	51.1879
14.3	51.07439
14.35	50.95717
14.4	50.83954
14.45	50.71863
14.5	50.59705
14.55	50.472
14.6	50.34597
14.65	50.21991
14.7	50.09853
14.75	49.98093
14.8	49.86843
14.85	49.76354
14.9	49.66794
14.95	49.57997
15	49.49766
15.05	49.42102
15.1	49.34478
15.15	49.26758
15.2	49.19069
15.25	49.11711
15.3	49.04576
15.35	48.98034
15.4	48.92048
15.45	48.86897
15.5	48.82462
15.55	48.7869
15.6	48.75655
15.65	48.73349
15.7	48.71522
15.75	48.70063
15.8	48.68961
15.85	48.68106
15.9	48.67293
15.95	48.66574
16	48.66107
16.05	48.65755
16.1	48.65406
16.15	48.64965
16.2	48.6429
16.25	48.63208
16.3	48.61701
16.35	48.59785
16.4	48.57575
16.45	48.55077
16.5	48.52373
16.55	48.49607
16.6	48.467
16.65	48.43674
16.7	48.40554
16.75	48.37326
16.8	48.33942
16.85	48.30505
16.9	48.27085
16.95	48.23866
17	48.20904
17.05	48.18497
17.1	48.16715
17.15	48.1551
17.2	48.14896
17.25	48.14876
17.3	48.15183
17.35	48.15638
17.4	48.16114
17.45	48.16328
17.5	48.16184
17.55	48.15626
17.6	48.14786
17.65	48.13744
17.7	48.12644
17.75	48.11506
17.8	48.10436
17.85	48.09378
17.9	48.08391
17.95	48.07264
18	48.05999
18.05	48.04508
18.1	48.02881
18.15	48.00999
18.2	47.99026
18.25	47.96999
18.3	47.94966
18.35	47.92824
18.4	47.90813
18.45	47.89154
18.5	47.8773
18.55	47.86412
18.6	47.85302
18.65	47.84199
18.7	47.82927
18.75	47.8153
18.8	47.80116
18.85	47.78733
18.9	47.77311
18.95	47.75923
19	47.74659
19.05	47.73414
19.1	47.72033
19.15	47.70668
19.2	47.69323
19.25	47.68019
19.3	47.66646
19.35	47.65155
19.4	47.63516
19.45	47.61552
19.5	47.59337
19.55	47.57192
19.6	47.5509
19.65	47.53004
19.7	47.51065
19.75	47.49213
19.8	47.47409
19.85	47.45746
19.9	47.44386
19.95	47.43167
20	47.41975
20.05	47.40902
20.1	47.4
20.15	47.39112
20.2	47.38296
20.25	47.37618
20.3	47.36982
20.35	47.36347
20.4	47.3579
20.45	47.35537
20.5	47.35554
20.55	47.35714
20.6	47.36089
20.65	47.36757
20.7	47.37543
20.75	47.38536
20.8	47.39787
20.85	47.41241
20.9	47.4265
20.95	47.4401
21	47.45302
21.05	47.46465
21.1	47.4739
21.15	47.48162
21.2	47.48795
21.25	47.49196
21.3	47.49527
21.35	47.49845
21.4	47.50175
21.45	47.5047
21.5	47.50759
21.55	47.50977
21.6	47.51248
21.65	47.5151
21.7	47.51809
21.75	47.52069
21.8	47.52312
21.85	47.52364
21.9	47.52317
21.95	47.52197
22	47.52179
22.05	47.52173
22.1	47.52232
22.15	47.52268
22.2	47.52278
22.25	47.52115
22.3	47.51827
22.35	47.51374
22.4	47.50824
22.45	47.50072
22.5	47.49182
22.55	47.48064
22.6	47.4681
22.65	47.45478
22.7	47.4408
22.75	47.42615
22.8	47.41214
22.85	47.39796
22.9	47.38172
22.95	47.36375
23	47.34451
23.05	47.32389
23.1	47.30196
23.15	47.28168
23.2	47.26268
23.25	47.24448
23.3	47.22631
23.35	47.20963
23.4	47.19212
23.45	47.17471
23.5	47.1569
23.55	47.1386
23.6	47.1182
23.65	47.09681
23.7	47.07463
23.75	47.05302
23.8	47.03285
23.85	47.01523
23.9	47.00057
23.95	46.98819
24	46.97743
24.05	46.96787
24.1	46.95817
24.15	46.94788
24.2	46.93697
24.25	46.92567
24.3	46.91443
24.35	46.90332
24.4	46.89272
24.45	46.88367
24.5	46.87567
24.55	46.86975
24.6	46.86616
24.65	46.86365
24.7	46.86078
24.75	46.85663
24.8	46.85017
24.85	46.84152
24.9	46.82998
24.95	46.81645
25	46.80181
25.05	46.78546
25.1	46.76891
25.15	46.75322
25.2	46.73788
25.25	46.72298
25.3	46.70909
25.35	46.69526
25.4	46.68116
25.45	46.66758
25.5	46.65467
25.55	46.64145
25.6	46.62793
25.65	46.61544
25.7	46.60314
25.75	46.59048
25.8	46.57886
25.85	46.56822
25.9	46.55755
25.95	46.5475
26	46.5383
26.05	46.53009
26.1	46.52263
26.15	46.51614
26.2	46.51109
26.25	46.507
26.3	46.50328
26.35	46.50022
26.4	46.49713
26.45	46.4938
26.5	46.48982
26.55	46.48549
26.6	46.48125
26.65	46.4775
26.7	46.4739
26.75	46.47198
26.8	46.4708
26.85	46.47023
26.9	46.46985
26.95	46.47008
27	46.46938
27.05	46.46769
27.1	46.46455
27.15	46.46083
27.2	46.45558
27.25	46.44957
27.3	46.44337
27.35	46.43773
27.4	46.43181
27.45	46.42675
27.5	46.42294
27.55	46.42007
27.6	46.41698
27.65	46.41386
27.7	46.41017
27.75	46.40572
27.8	46.40089
27.85	46.39616
27.9	46.39241
27.95	46.38927
28	46.38737
28.05	46.38736
28.1	46.38831
28.15	46.39023
28.2	46.39278
28.25	46.39516
28.3	46.39723
28.35	46.39892
28.4	46.39906
28.45	46.39817
28.5	46.39566
28.55	46.39177
28.6	46.387
28.65	46.38166
28.7	46.37561
28.75	46.36939
28.8	46.36229
28.85	46.35532
28.9	46.34828
28.95	46.34104
29	46.33404
29.05	46.32749
29.1	46.32188
29.15	46.31796
29.2	46.31561
29.25	46.31512
29.3	46.31585
29.35	46.31718
29.4	46.31922
29.45	46.32271
29.5	46.32654
29.55	46.33132
29.6	46.33625
29.65	46.34086
29.7	46.34533
29.75	46.34978
29.8	46.35351
29.85	46.35669
29.9	46.35902
29.95	46.35974
30	46.35883
30.05	46.35641
30.1	46.35319
30.15	46.3485
30.2	46.34355
30.25	46.3383
30.3	46.33293
30.35	46.32769
30.4	46.3238
30.45	46.31865
30.5	46.31363
30.55	46.30835
30.6	46.30156
30.65	46.293
30.7	46.28566
30.75	46.27869
30.8	46.27222
30.85	46.26687
30.9	46.26456
30.95	46.26309
31	46.26229
31.05	46.26235
31.1	46.26408
31.15	46.26411
31.2	46.26331
31.25	46.26117
31.3	46.25851
31.35	46.25396
31.4	46.24907
31.45	46.24408
31.5	46.24063
31.55	46.23666
31.6	46.2332
31.65	46.22985
31.7	46.22631
31.75	46.2209
31.8	46.21457
31.85	46.20681
31.9	46.19739
31.95	46.18593
32	46.17403
32.05	46.16252
32.1	46.15107
32.15	46.14112
32.2	46.13238
32.25	46.12418
32.3	46.11608
32.35	46.10846
32.4	46.10088
32.45	46.09353
32.5	46.08629
32.55	46.07979
32.6	46.07318
32.65	46.06654
32.7	46.06007
32.75	46.05348
32.8	46.04635
32.85	46.03884
32.9	46.03035
32.95	46.02044
33	46.00931
33.05	45.99807
33.1	45.98671
33.15	45.97654
33.2	45.96804
33.25	45.96213
33.3	45.95735
33.35	45.95384
33.4	45.95032
33.45	45.94703
33.5	45.94223
33.55	45.93632
33.6	45.92905
33.65	45.92146
33.7	45.91309
33.75	45.90464
33.8	45.8972
33.85	45.8925
33.9	45.8897
33.95	45.88853
34	45.88976
34.05	45.89188
34.1	45.89288
34.15	45.89258
34.2	45.89217
34.25	45.88944
34.3	45.88397
34.35	45.87612
34.4	45.86616
34.45	45.85353
34.5	45.83896
34.55	45.82326
34.6	45.80768
34.65	45.79177
34.7	45.77698
34.75	45.76376
34.8	45.7532
34.85	45.74448
34.9	45.73791
34.95	45.73325
35	45.73054
35.05	45.72793
35.1	45.72676
35.15	45.72654
35.2	45.72731
35.25	45.72922
35.3	45.73442
35.35	45.74198
35.4	45.7515
35.45	45.76221
35.5	45.77383
35.55	45.78452
35.6	45.79443
35.65	45.8036
35.7	45.81032
35.75	45.81342
35.8	45.81197
35.85	45.80569
35.9	45.7963
35.95	45.78518
36	45.77398
36.05	45.76337
36.1	45.75273
36.15	45.74122
36.2	45.72785
36.25	45.71284
36.3	45.69741
36.35	45.68188
36.4	45.66784
36.45	45.65775
36.5	45.65179
36.55	45.64902
36.6	45.64893
36.65	45.65106
36.7	45.65527
36.75	45.66189
36.8	45.67194
36.85	45.68629
36.9	45.70064
36.95	45.71331
37	45.7239
37.05	45.73226
37.1	45.73844
37.15	45.74539
37.2	45.75306
37.25	45.75898
37.3	45.76183
37.35	45.7605
37.4	45.75381
37.45	45.74007
37.5	45.72178
37.55	45.70028
37.6	45.67717
37.65	45.6534
37.7	45.6301
37.75	45.60624
37.8	45.58176
37.85	45.55687
37.9	45.53368
37.95	45.51193
38	45.4912
38.05	45.46924
38.1	45.44546
38.15	45.41858
38.2	45.39206
38.25	45.3685
38.3	45.35054
38.35	45.34005
38.4	45.33925
38.45	45.34586
38.5	45.35839
38.55	45.37569
38.6	45.39569
38.65	45.41569
38.7	45.43569
38.75	45.45569
38.8	45.47569
38.85	45.49569
38.9	45.51569
38.95	45.53569
39	45.55569
39.05	45.57569
39.1	45.59569
39.15	45.61569
39.2	45.63569
39.25	45.65569
39.3	45.67283
39.35	45.68203
39.4	45.68209
39.45	45.67168
39.5	45.64875
39.55	45.61652
39.6	45.57972
39.65	45.53944
39.7	45.49724
39.75	45.45398
39.8	45.40863
39.85	45.36215
39.9	45.31606
39.95	45.27157
40	45.23009
40.05	45.19397
40.1	45.16319
40.15	45.13691
40.2	45.11542
40.25	45.09971
40.3	45.08686
40.35	45.07561
40.4	45.06499
40.45	45.05386
40.5	45.04191
40.55	45.03027
40.6	45.02024
40.65	45.01238
40.7	45.00585
40.75	45.00093
40.8	44.99854
40.85	44.99796
40.9	44.99855
40.95	44.99951
41	45.00118
41.05	45.00266
41.1	45.00402
41.15	45.00701
41.2	45.01279
41.25	45.01935
41.3	45.0278
41.35	45.03729
41.4	45.04671
41.45	45.05439
41.5	45.0602
41.55	45.06297
41.6	45.06171
41.65	45.05686
41.7	45.05011
41.75	45.04238
41.8	45.03551
41.85	45.03145
41.9	45.03061
41.95	45.03295
42	45.03617
42.05	45.03887
42.1	45.04141
42.15	45.04323
42.2	45.04498
42.25	45.04908
42.3	45.05513
42.35	45.06386
42.4	45.07504
42.45	45.08878
42.5	45.10464
42.55	45.12276
42.6	45.14193
42.65	45.15997
42.7	45.17296
42.75	45.18051
42.8	45.18105
42.85	45.17456
42.9	45.16219
42.95	45.14901
43	45.13691
43.05	45.1294
43.1	45.12635
43.15	45.12789
43.2	45.13229
43.25	45.13812
43.3	45.14439
43.35	45.15128
43.4	45.1579
43.45	45.16413
43.5	45.16941
43.55	45.17437
43.6	45.18128
43.65	45.19171
43.7	45.20553
43.75	45.22322
43.8	45.24322
43.85	45.26322
43.9	45.28322
43.95	45.30322
44	45.32322
44.05	45.34322
44.1	45.36322
44.15	45.38322
44.2	45.40322
44.25	45.42322
44.3	45.43769
44.35	45.44348
44.4	45.44017
44.45	45.42599
44.5	45.40081
44.55	45.3698
44.6	45.33459
44.65	45.29715
44.7	45.25918
44.75	45.22137
44.8	45.18485
44.85	45.15116
44.9	45.11804
44.95	45.08491
45	45.05258
45.05	45.02227
45.1	44.99467
45.15	44.97163
45.2	44.95474
45.25	44.94256
45.3	44.93521
45.35	44.9337
45.4	44.93801
45.45	44.94756
45.5	44.96083
45.55	44.97657
45.6	44.99218
45.65	45.0074
45.7	45.02209
45.75	45.03692
45.8	45.05146
45.85	45.0668
45.9	45.08292
45.95	45.09958
46	45.11773
46.05	45.13622
46.1	45.15323
46.15	45.1671
46.2	45.17778
46.25	45.18429
46.3	45.18599
46.35	45.18234
46.4	45.17408
46.45	45.16137
46.5	45.14596
46.55	45.12917
46.6	45.11352
46.65	45.09896
46.7	45.0854
46.75	45.0731
46.8	45.06242
46.85	45.05296
46.9	45.04441
46.95	45.03694
47	45.02936
47.05	45.0214
47.1	45.01289
47.15	45.00466
47.2	44.99617
47.25	44.98751
47.3	44.97935
47.35	44.97244
47.4	44.96628
47.45	44.96176
47.5	44.95929
47.55	44.95827
47.6	44.95757
47.65	44.9578
47.7	44.95859
47.75	44.95902
47.8	44.95841
47.85	44.95747
47.9	44.956
47.95	44.953
48	44.94886
48.05	44.94531
48.1	44.94129
48.15	44.93703
48.2	44.93385
48.25	44.93269
48.3	44.93142
48.35	44.93024
48.4	44.92938
48.45	44.92867
48.5	44.9267
48.55	44.92498
48.6	44.92343
48.65	44.92136
48.7	44.91784
48.75	44.91405
48.8	44.90969
48.85	44.90477
48.9	44.89887
48.95	44.89309
49	44.88671
49.05	44.8794
49.1	44.87208
49.15	44.86542
49.2	44.85864
49.25	44.85203
49.3	44.84631
49.35	44.84153
49.4	44.83635
49.45	44.83073
49.5	44.82488
49.55	44.81742
49.6	44.80882
49.65	44.80042
49.7	44.79165
49.75	44.78228
49.8	44.77314
49.85	44.76411
49.9	44.75615
49.95	44.75018
50	44.74602
50.05	44.74423
50.1	44.74443
50.15	44.74645
50.2	44.75057
50.25	44.75642
50.3	44.76302
50.35	44.76967
50.4	44.77458
50.45	44.77852
50.5	44.78118
50.55	44.78285
50.6	44.78359
50.65	44.78378
50.7	44.78244
50.75	44.78056
50.8	44.77824
50.85	44.77613
50.9	44.77377
50.95	44.77084
51	44.76709
51.05	44.76184
51.1	44.75519
51.15	44.74771
51.2	44.73946
51.25	44.73061
51.3	44.72188
51.35	44.71338
51.4	44.70584
51.45	44.69959
51.5	44.69554
51.55	44.69361
51.6	44.69362
51.65	44.69465
51.7	44.69676
51.75	44.69955
51.8	44.70288
51.85	44.70589
51.9	44.70874
51.95	44.71059
52	44.71006
52.05	44.70847
52.1	44.70677
52.15	44.70439
52.2	44.70165
52.25	44.69975
52.3	44.69708
52.35	44.69434
52.4	44.69257
52.45	44.6918
52.5	44.69018
52.55	44.68876
52.6	44.68627
52.65	44.68255
52.7	44.67779
52.75	44.6749
52.8	44.67239
52.85	44.67137
52.9	44.67318
52.95	44.67786
53	44.68356
53.05	44.69071
53.1	44.6993
53.15	44.70697
53.2	44.7145
53.25	44.72391
53.3	44.73501
53.35	44.74609
53.4	44.75824
53.45	44.76772
53.5	44.77314
53.55	44.77512
53.6	44.77563
53.65	44.7724
53.7	44.768
53.75	44.76301
53.8	44.75498
53.85	44.74167
53.9	44.72728
53.95	44.71186
54	44.69327
54.05	44.67364
54.1	44.65186
54.15	44.62211
54.2	44.58626
54.25	44.5499
54.3	44.51481
54.35	44.48356
54.4	44.46196
54.45	44.44918
54.5	44.43994
54.55	44.43425
54.6	44.43426
54.65	44.43636
54.7	44.43581
54.75	44.43208
54.8	44.42624
54.85	44.41613
54.9	44.40306
54.95	44.39278
55	44.38896
55.05	44.38847
55.1	44.39289
55.15	44.40323
55.2	44.4178
55.25	44.43366
55.3	44.44746
55.35	44.45686
55.4	44.45924
55.45	44.45635
55.5	44.45158
55.55	44.44497
55.6	44.43678
55.65	44.43175
55.7	44.43018
55.75	44.42933
55.8	44.43302
55.85	44.44289
55.9	44.45389
55.95	44.46091
56	44.46476
56.05	44.46508
56.1	44.46103
56.15	44.45574
56.2	44.45219
56.25	44.44988
56.3	44.44834
56.35	44.44675
56.4	44.4459
56.45	44.44648
56.5	44.44689
56.55	44.44891
56.6	44.45243
56.65	44.45614
56.7	44.45929
56.75	44.46378
56.8	44.46846
56.85	44.47198
56.9	44.47332
56.95	44.47495
57	44.47547
57.05	44.47486
57.1	44.47501
57.15	44.47606
57.2	44.47501
57.25	44.47243
57.3	44.47007
57.35	44.46824
57.4	44.46569
57.45	44.4639
57.5	44.46327
57.55	44.46195
57.6	44.46066
57.65	44.4614
57.7	44.46444
57.75	44.46849
57.8	44.47466
57.85	44.48218
57.9	44.4893
57.95	44.49381
58	44.497
58.05	44.49693
58.1	44.49426
58.15	44.48986
58.2	44.48518
58.25	44.47931
58.3	44.47276
58.35	44.46542
58.4	44.45925
58.45	44.45381
58.5	44.45066
58.55	44.44898
58.6	44.44825
58.65	44.44745
58.7	44.44627
58.75	44.44449
58.8	44.44337
58.85	44.44174
58.9	44.43961
58.95	44.43775
59	44.43672
59.05	44.43552
59.1	44.43528
59.15	44.43529
59.2	44.43557
59.25	44.43497
59.3	44.43502
59.35	44.43501
59.4	44.43402
59.45	44.43249
59.5	44.42878
59.55	44.42367
59.6	44.41711
59.65	44.41032
59.7	44.40193
59.75	44.39491
59.8	44.38674
59.85	44.37944
59.9	44.37256
59.95	44.36881
60	44.36466
60.05	44.36339
60.1	44.36321
60.15	44.36578
60.2	44.36707
60.25	44.37161
60.3	44.37657
60.35	44.38166
60.4	44.38638
60.45	44.39331
60.5	44.39928
60.55	44.40424
60.6	44.40869
60.65	44.41259
60.7	44.41506
60.75	44.41662
60.8	44.41889
60.85	44.42164
60.9	44.42426
60.95	44.42537
61	44.42767
61.05	44.42979
61.1	44.43235
61.15	44.43438
61.2	44.43801
61.25	44.43973
61.3	44.44128
61.35	44.44349
61.4	44.4485
61.45	44.45474
61.5	44.46499
61.55	44.47865
61.6	44.49397
61.65	44.51045
61.7	44.52905
61.75	44.54746
61.8	44.56346
61.85	44.57788
61.9	44.5902
61.95	44.59981
62	44.60641
62.05	44.61272
62.1	44.61674
62.15	44.62026
62.2	44.62287
62.25	44.62585
62.3	44.62853
62.35	44.63054
62.4	44.62992
62.45	44.62754
62.5	44.62245
62.55	44.61467
62.6	44.60614
62.65	44.59722
62.7	44.58888
62.75	44.58177
62.8	44.57747
62.85	44.57566
62.9	44.57543
62.95	44.57719
63	44.5812
63.05	44.58417
63.1	44.58633
63.15	44.58786
63.2	44.58713
63.25	44.58377
63.3	44.57975
63.35	44.57715
63.4	44.57556
63.45	44.5744
63.5	44.57509
63.55	44.5765
63.6	44.57639
63.65	44.57555
63.7	44.5742
63.75	44.57027
63.8	44.56364
63.85	44.55473
63.9	44.54458
63.95	44.53326
64	44.52124
64.05	44.50989
64.1	44.49946
64.15	44.48939
64.2	44.48073
64.25	44.47329
64.3	44.46707
64.35	44.45941
64.4	44.45037
64.45	44.44071
64.5	44.43052
64.55	44.4187
64.6	44.40779
64.65	44.39753
64.7	44.38725
64.75	44.3767
64.8	44.36861
64.85	44.3628
64.9	44.35857
64.95	44.35504
65	44.35437
65.05	44.35411
65.1	44.35405
65.15	44.35468
65.2	44.3569
65.25	44.35991
65.3	44.36333
65.35	44.36758
65.4	44.37326
65.45	44.37865
65.5	44.38329
65.55	44.38771
65.6	44.39118
65.65	44.39305
65.7	44.39344
65.75	44.39236
65.8	44.39
65.85	44.38583
65.9	44.38158
65.95	44.37816
66	44.37481
66.05	44.37166
66.1	44.36868
66.15	44.36468
66.2	44.35997
66.25	44.3542
66.3	44.34805
66.35	44.34133
66.4	44.33338
66.45	44.32499
66.5	44.31671
66.55	44.30795
66.6	44.30039
66.65	44.29432
66.7	44.28993
66.75	44.28785
66.8	44.28738
66.85	44.28873
66.9	44.29031
66.95	44.29189
67	44.29387
67.05	44.29539
67.1	44.29617
67.15	44.29704
67.2	44.29711
67.25	44.29591
67.3	44.29405
67.35	44.29212
67.4	44.29056
67.45	44.28966
67.5	44.28918
67.55	44.28929
67.6	44.28953
67.65	44.28939
67.7	44.2883
67.75	44.28644
67.8	44.28455
67.85	44.28177
67.9	44.27819
67.95	44.2752
68	44.27198
68.05	44.26795
68.1	44.26329
68.15	44.2593
68.2	44.25408
68.25	44.24844
68.3	44.24298
68.35	44.23765
68.4	44.23166
68.45	44.22611
68.5	44.22133
68.55	44.21744
68.6	44.21434
68.65	44.21293
68.7	44.21203
68.75	44.21141
68.8	44.21077
68.85	44.20989
68.9	44.2085
68.95	44.20648
69	44.20471
69.05	44.20285
69.1	44.20113
69.15	44.19899
69.2	44.1983
69.25	44.19754
69.3	44.19793
69.35	44.19903
69.4	44.20133
69.45	44.20283
69.5	44.20417
69.55	44.20449
69.6	44.20545
69.65	44.20514
69.7	44.20466
69.75	44.20296
69.8	44.20001
69.85	44.1951
69.9	44.19042
69.95	44.18598
70	44.18305
70.05	44.18084
70.1	44.17951
70.15	44.17923
70.2	44.18002
70.25	44.18251
70.3	44.18719
70.35	44.19338
70.4	44.20055
70.45	44.20776
70.5	44.21431
70.55	44.21984
70.6	44.22407
70.65	44.22687
70.7	44.22893
70.75	44.23002
70.8	44.23078
70.85	44.23062
70.9	44.23028
70.95	44.22951
71	44.22885
71.05	44.22778
71.1	44.22724
71.15	44.22592
71.2	44.22385
71.25	44.2199
71.3	44.21472
71.35	44.20865
71.4	44.20191
71.45	44.19469
71.5	44.18815
71.55	44.18241
71.6	44.17768
71.65	44.17453
71.7	44.17357
71.75	44.17395
71.8	44.17515
71.85	44.1776
71.9	44.18165
71.95	44.18655
72	44.19207
72.05	44.19916
72.1	44.20581
72.15	44.21149
72.2	44.21734
72.25	44.22394
72.3	44.23021
72.35	44.23624
72.4	44.2426
72.45	44.24874
72.5	44.2534
72.55	44.25734
72.6	44.26161
72.65	44.26524
72.7	44.26802
72.75	44.27128
72.8	44.2744
72.85	44.27677
72.9	44.2788
72.95	44.28059
73	44.28266
73.05	44.28552
73.1	44.2901
73.15	44.29554
73.2	44.30142
73.25	44.30709
73.3	44.31222
73.35	44.31696
73.4	44.32204
73.45	44.32831
73.5	44.33531
73.55	44.34258
73.6	44.35042
73.65	44.35718
73.7	44.36345
73.75	44.36988
73.8	44.37642
73.85	44.38115
73.9	44.385
73.95	44.3863
74	44.38498
74.05	44.38098
74.1	44.37658
74.15	44.37174
74.2	44.36619
74.25	44.35966
74.3	44.35396
74.35	44.34758
74.4	44.34127
74.45	44.33616
74.5	44.33192
74.55	44.32802
74.6	44.32415
74.65	44.32166
74.7	44.31951
74.75	44.31767
74.8	44.31504
74.85	44.313
74.9	44.30905
74.95	44.30451
75	44.29953
75.05	44.29429
75.1	44.28752
75.15	44.28159
75.2	44.2758
75.25	44.27038
75.3	44.26443
75.35	44.26011
75.4	44.2556
75.45	44.25175
75.5	44.24843
75.55	44.24663
75.6	44.24435
75.65	44.24216
75.7	44.23946
75.75	44.23707
75.8	44.23461
75.85	44.23309
75.9	44.23173
75.95	44.2323
76	44.23362
76.05	44.23711
76.1	44.242
76.15	44.24999
76.2	44.2588
76.25	44.2692
76.3	44.28016
76.35	44.29205
76.4	44.3024
76.45	44.31222
76.5	44.31957
76.55	44.32543
76.6	44.32926
76.65	44.33189
76.7	44.33279
76.75	44.33395
76.8	44.33406
76.85	44.33358
76.9	44.33331
76.95	44.333
77	44.33221
77.05	44.33118
77.1	44.33054
77.15	44.32967
77.2	44.32807
77.25	44.32502
77.3	44.32152
77.35	44.31613
77.4	44.30982
77.45	44.30322
77.5	44.29677
77.55	44.29038
77.6	44.28443
77.65	44.27866
77.7	44.27404
77.75	44.27083
77.8	44.26845
77.85	44.26724
77.9	44.26638
77.95	44.26507
78	44.26238
78.05	44.25807
78.1	44.25212
78.15	44.245
78.2	44.23612
78.25	44.22715
78.3	44.21843
78.35	44.21103
78.4	44.20454
78.45	44.20041
78.5	44.19743
78.55	44.19509
78.6	44.19312
78.65	44.1922
78.7	44.19054
78.75	44.18834
78.8	44.18472
78.85	44.17932
78.9	44.17145
78.95	44.16229
79	44.15297
79.05	44.14457
79.1	44.13708
79.15	44.13103
79.2	44.12632
79.25	44.12276
79.3	44.12025
79.35	44.11819
79.4	44.11771
79.45	44.11878
79.5	44.11951
79.55	44.1199
79.6	44.12112
79.65	44.12165
79.7	44.12093
79.75	44.12096
79.8	44.12232
79.85	44.12443
79.9	44.12743
79.95	44.13206
80	44.13762
80.05	44.14242
80.1	44.14695
80.15	44.15123
80.2	44.15469
80.25	44.15794
80.3	44.16059
80.35	44.16138
80.4	44.16139
80.45	44.16046
80.5	44.15943
80.55	44.15882
80.6	44.15943
80.65	44.16043
80.7	44.16094
80.75	44.16052
80.8	44.16004
80.85	44.15881
80.9	44.15685
80.95	44.15391
81	44.14986
81.05	44.14544
81.1	44.14001
81.15	44.13443
81.2	44.13009
81.25	44.12549
81.3	44.12103
81.35	44.11744
81.4	44.11467
81.45	44.11258
81.5	44.11134
81.55	44.11076
81.6	44.11128
81.65	44.11145
81.7	44.11204
81.75	44.11204
81.8	44.1099
81.85	44.10562
81.9	44.0997
81.95	44.09125
82	44.08348
82.05	44.07615
82.1	44.06921
82.15	44.0625
82.2	44.05725
82.25	44.05273
82.3	44.0492
82.35	44.0461
82.4	44.04368
82.45	44.03919
82.5	44.03228
82.55	44.02363
82.6	44.01373
82.65	44.00201
82.7	43.99044
82.75	43.97846
82.8	43.96737
82.85	43.95628
82.9	43.94702
82.95	43.93893
83	43.93149
83.05	43.92336
83.1	43.91609
83.15	43.9082
83.2	43.9008
83.25	43.89367
83.3	43.88867
83.35	43.88436
83.4	43.88013
83.45	43.87471
83.5	43.86809
83.55	43.85614
83.6	43.83865
83.65	43.81473
83.7	43.78198
83.75	43.73892
83.8	43.68839
83.85	43.63374
83.9	43.57811
83.95	43.52289
84	43.46771
84.05	43.41538
84.1	43.36596
84.15	43.32934
84.2	43.30725
84.25	43.30217
84.3	43.31086
84.35	43.33086
84.4	43.35086
84.45	43.37086
84.5	43.39086
84.55	43.41086
84.6	43.43086
84.65	43.45086
84.7	43.47086
84.75	43.49086
84.8	43.51086
84.85	43.53086
84.9	43.55086
84.95	43.57086
85	43.59086
85.05	43.61086
85.1	43.63086
85.15	43.65086
85.2	43.67086
85.25	43.6823
85.3	43.66078
85.35	43.61341
85.4	43.54554
85.45	43.46121
85.5	43.37368
85.55	43.30971
85.6	43.26531
85.65	43.23739
85.7	43.22592
85.75	43.22622
85.8	43.23592
85.85	43.2519
85.9	43.2719
85.95	43.2919
86	43.3119
86.05	43.3319
86.1	43.3519
86.15	43.3719
86.2	43.3919
86.25	43.4119
86.3	43.4319
86.35	43.4519
86.4	43.4719
86.45	43.4919
86.5	43.5119
86.55	43.5319
86.6	43.5519
86.65	43.5719
86.7	43.5919
86.75	43.6119
86.8	43.6319
86.85	43.6519
86.9	43.6719
86.95	43.6919
87	43.7119
87.05	43.7319
87.1	43.7519
87.15	43.7719
87.2	43.7919
87.25	43.8119
87.3	43.8319
87.35	43.8519
87.4	43.8719
87.45	43.8919
87.5	43.9119
87.55	43.9319
87.6	43.9519
87.65	43.9719
87.7	43.9919
87.75	44.0119
87.8	44.0319
87.85	44.04974
87.9	44.04464
87.95	44.01691
88	43.97953
88.05	43.92531
88.1	43.84998
88.15	43.78914
88.2	43.74009
88.25	43.68031
88.3	43.62772
88.35	43.59299
88.4	43.55793
88.45	43.52133
88.5	43.50087
88.55	43.49008
88.6	43.47664
88.65	43.47198
88.7	43.47971
88.75	43.49166
88.8	43.50362
88.85	43.52362
88.9	43.54362
88.95	43.56362
89	43.58362
89.05	43.60362
89.1	43.62362
89.15	43.64362
89.2	43.66362
89.25	43.68362
89.3	43.70362
89.35	43.72362
89.4	43.74362
89.45	43.76362
89.5	43.78362
89.55	43.80362
89.6	43.82362
89.65	43.84362
89.7	43.86362
89.75	43.88362
89.8	43.90362
89.85	43.92362
89.9	43.93562
89.95	43.93428
90	43.9272
90.05	43.91664
90.1	43.88741
90.15	43.85985
90.2	43.835
90.25	43.79765
90.3	43.75949
90.35	43.72569
90.4	43.69524
90.45	43.66284
90.5	43.64756
90.55	43.63657
90.6	43.63989
90.65	43.64618
90.7	43.66506
90.75	43.68506
90.8	43.70506
90.85	43.72506
90.9	43.74506
90.95	43.76506
91	43.78506
91.05	43.80506
91.1	43.82506
91.15	43.84506
91.2	43.86506
91.25	43.88419
91.3	43.89393
91.35	43.90204
91.4	43.90268
91.45	43.8957
91.5	43.87162
91.55	43.85102
91.6	43.82287
91.65	43.80219
91.7	43.78106
91.75	43.77711
91.8	43.76732
91.85	43.76113
91.9	43.75185
91.95	43.75063
92	43.75021
92.05	43.75887
92.1	43.76462
92.15	43.77346
92.2	43.7823
92.25	43.78928
92.3	43.79894
92.35	43.81621
92.4	43.82871
92.45	43.8348
92.5	43.83528
92.55	43.82797
92.6	43.81864
92.65	43.80845
92.7	43.80109
92.75	43.78635
92.8	43.77061
92.85	43.75007
92.9	43.7281
92.95	43.70659
93	43.69992
93.05	43.69686
93.1	43.68992
93.15	43.68148
93.2	43.67618
93.25	43.66877
93.3	43.66379
93.35	43.67014
93.4	43.68203
93.45	43.69066
93.5	43.69857
93.55	43.70924
93.6	43.72015
93.65	43.73406
93.7	43.75124
93.75	43.77124
93.8	43.79124
93.85	43.8095
93.9	43.82385
93.95	43.8284
94	43.82863
94.05	43.82098
94.1	43.80163
94.15	43.78184
94.2	43.76508
94.25	43.74245
94.3	43.72548
94.35	43.71381
94.4	43.70196
94.45	43.69687
94.5	43.70024
94.55	43.70583
94.6	43.71957
94.65	43.73185
94.7	43.74076
94.75	43.74803
94.8	43.7545
94.85	43.75531
94.9	43.7484
94.95	43.73845
95	43.73073
95.05	43.71513
95.1	43.70273
95.15	43.70404
95.2	43.71176
95.25	43.71905
95.3	43.73503
95.35	43.75346
95.4	43.77189
95.45	43.78856
95.5	43.79872
95.55	43.80193
95.6	43.79849
95.65	43.78539
95.7	43.76882
95.75	43.75063
95.8	43.73048
95.85	43.71259
95.9	43.69972
95.95	43.68539
96	43.67203
96.05	43.65815
96.1	43.64069
96.15	43.62179
96.2	43.60707
96.25	43.58784
96.3	43.57002
96.35	43.55689
96.4	43.54694
96.45	43.53951
96.5	43.5405
96.55	43.54388
96.6	43.53872
96.65	43.53143
96.7	43.51671
96.75	43.50432
96.8	43.48759
96.85	43.47755
96.9	43.45985
96.95	43.44719
97	43.4319
97.05	43.4266
97.1	43.42641
97.15	43.43893
97.2	43.45383
97.25	43.47383
97.3	43.49383
97.35	43.51383
97.4	43.53383
97.45	43.55365
97.5	43.56694
97.55	43.57132
97.6	43.56632
97.65	43.55251
97.7	43.53049
97.75	43.51084
97.8	43.4926
97.85	43.48198
97.9	43.47665
97.95	43.47397
98	43.47469
98.05	43.47946
98.1	43.48091
98.15	43.48406
98.2	43.48461
98.25	43.47549
98.3	43.46507
98.35	43.4563
98.4	43.43978
98.45	43.43046
98.5	43.42409
98.55	43.42078
98.6	43.42015
98.65	43.42547
98.7	43.43193
98.75	43.44587
98.8	43.4615
98.85	43.47787
98.9	43.48935
98.95	43.49884
99	43.50538
99.05	43.50305
99.1	43.50046
99.15	43.50639
99.2	43.51017
99.25	43.51248
99.3	43.51896
99.35	43.5257
99.4	43.531
99.45	43.53528
99.5	43.53829
99.55	43.53971
99.6	43.52962
99.65	43.51204
99.7	43.49085
99.75	43.47095
99.8	43.44593
99.85	43.42165
99.9	43.3991
99.95	43.37832
100	43.35467
100.05	43.33865
100.1	43.32843
100.15	43.32543
100.2	43.32555
100.25	43.33294
100.3	43.34273
100.35	43.3575
100.4	43.37227
100.45	43.38917
100.5	43.40492
100.55	43.42204
100.6	43.43822
100.65	43.44765
100.7	43.4588
100.75	43.4711
100.8	43.48157
100.85	43.48789
100.9	43.50097
100.95	43.51404
101	43.52083
101.05	43.51915
101.1	43.52115
101.15	43.51774
101.2	43.50435
101.25	43.48478
101.3	43.46754
101.35	43.44326
101.4	43.41787
101.45	43.39597
101.5	43.38442
101.55	43.37364
101.6	43.36887
101.65	43.36624
101.7	43.36378
101.75	43.36305
101.8	43.36257
101.85	43.35908
101.9	43.35677
101.95	43.35475
102	43.35183
102.05	43.34862
102.1	43.34919
102.15	43.35075
102.2	43.34935
102.25	43.34276
102.3	43.33798
102.35	43.33399
102.4	43.33198
102.45	43.33341
102.5	43.33165
102.55	43.32509
102.6	43.31942
102.65	43.31399
102.7	43.31409
102.75	43.32389
102.8	43.33973
102.85	43.34732
102.9	43.35224
102.95	43.35717
103	43.36209
103.05	43.37117
103.1	43.38184
103.15	43.38675
103.2	43.38612
103.25	43.38086
103.3	43.3726
103.35	43.3657
103.4	43.36219
103.45	43.36159
103.5	43.36214
103.55	43.36257
103.6	43.3677
103.65	43.37589
103.7	43.38378
103.75	43.39465
103.8	43.40577
103.85	43.41351
103.9	43.41738
103.95	43.42065
104	43.42014
104.05	43.42058
104.1	43.42259
104.15	43.42574
104.2	43.42342
104.25	43.41737
104.3	43.40497
104.35	43.38776
104.4	43.36838
104.45	43.35281
104.5	43.33924
104.55	43.33039
104.6	43.32593
104.65	43.32775
104.7	43.33401
104.75	43.34523
104.8	43.35652
104.85	43.3669
104.9	43.37238
104.95	43.37393
105	43.3744
105.05	43.37832
105.1	43.38105
105.15	43.38416
105.2	43.38597
105.25	43.38469
105.3	43.37654
105.35	43.36715
105.4	43.35701
105.45	43.34652
105.5	43.33103
105.55	43.31655
105.6	43.30339
105.65	43.29009
105.7	43.27839
105.75	43.27394
105.8	43.2728
105.85	43.27303
105.9	43.27733
105.95	43.28556
106	43.29677
106.05	43.30917
106.1	43.32504
106.15	43.34285
106.2	43.36079
106.25	43.37601
106.3	43.39059
106.35	43.40121
106.4	43.40795
106.45	43.41092
106.5	43.41469
106.55	43.41902
106.6	43.42103
106.65	43.41983
106.7	43.41576
106.75	43.40842
106.8	43.39543
106.85	43.38309
106.9	43.37506
106.95	43.36843
107	43.36046
107.05	43.35733
107.1	43.35671
107.15	43.35837
107.2	43.36476
107.25	43.3708
107.3	43.37329
107.35	43.36894
107.4	43.35746
107.45	43.3437
107.5	43.33228
107.55	43.32288
107.6	43.3217
107.65	43.3217
107.7	43.32116
107.75	43.31918
107.8	43.31623
107.85	43.31259
107.9	43.31069
107.95	43.30828
108	43.31142
108.05	43.31613
108.1	43.31592
108.15	43.31636
108.2	43.32135
108.25	43.32673
108.3	43.33532
108.35	43.3495
108.4	43.36436
108.45	43.36985
108.5	43.36548
108.55	43.35887
108.6	43.35403
108.65	43.34922
108.7	43.34754
108.75	43.34651
108.8	43.33769
108.85	43.32401
108.9	43.31162
108.95	43.30142
109	43.2938
109.05	43.28607
109.1	43.27683
109.15	43.26589
109.2	43.25899
109.25	43.25482
109.3	43.25273
109.35	43.25153
109.4	43.25063
109.45	43.24681
109.5	43.24303
109.55	43.23954
109.6	43.236
109.65	43.23023
109.7	43.22363
109.75	43.22002
109.8	43.22008
109.85	43.2218
109.9	43.22348
109.95	43.22747
110	43.23233
110.05	43.24062
110.1	43.24567
110.15	43.25539
110.2	43.26611
110.25	43.27279
110.3	43.27516
110.35	43.28228
110.4	43.28555
110.45	43.28283
110.5	43.27547
110.55	43.26845
110.6	43.26139
110.65	43.24996
110.7	43.2396
110.75	43.23522
110.8	43.23401
110.85	43.22954
110.9	43.2317
110.95	43.23808
111	43.24286
111.05	43.24009
111.1	43.23945
111.15	43.23613
111.2	43.22598
111.25	43.21483
111.3	43.21124
111.35	43.20434
111.4	43.19776
111.45	43.19567
111.5	43.19312
111.55	43.18461
111.6	43.17946
111.65	43.17623
111.7	43.17089
111.75	43.16569
111.8	43.16388
111.85	43.15957
111.9	43.1532
111.95	43.15106
112	43.15453
112.05	43.16113
112.1	43.16891
112.15	43.17631
112.2	43.17574
112.25	43.16946
112.3	43.15871
112.35	43.14904
112.4	43.13931
112.45	43.13047
112.5	43.12039
112.55	43.11126
112.6	43.09836
112.65	43.09101
112.7	43.08816
112.75	43.09083
112.8	43.09598
112.85	43.10369
112.9	43.10715
112.95	43.10761
113	43.10596
113.05	43.10627
113.1	43.10809
113.15	43.11415
113.2	43.12598
113.25	43.13704
113.3	43.14793
113.35	43.16227
113.4	43.17661
113.45	43.19212
113.5	43.21195
113.55	43.23195
113.6	43.24482
113.65	43.25016
113.7	43.24887
113.75	43.23919
113.8	43.22055
113.85	43.20365
113.9	43.18789
113.95	43.16955
114	43.15333
114.05	43.14359
114.1	43.13814
114.15	43.13908
114.2	43.14522
114.25	43.15323
114.3	43.15642
114.35	43.15716
114.4	43.15339
114.45	43.14967
114.5	43.14514
114.55	43.14569
114.6	43.14278
114.65	43.14439
114.7	43.14994
114.75	43.16071
114.8	43.1737
114.85	43.19256
114.9	43.20444
114.95	43.21128
115	43.21758
115.05	43.22387
115.1	43.22591
115.15	43.23054
115.2	43.23533
115.25	43.235
115.3	43.23147
115.35	43.22922
115.4	43.22775
115.45	43.22097
115.5	43.21188
115.55	43.20073
115.6	43.18911
115.65	43.17546
115.7	43.16834
115.75	43.16917
115.8	43.17527
115.85	43.18595
115.9	43.20229
115.95	43.22229
116	43.24229
116.05	43.26173
116.1	43.27562
116.15	43.28189
116.2	43.27508
116.25	43.2533
116.3	43.22251
116.35	43.19162
116.4	43.16186
116.45	43.13775
116.5	43.11828
116.55	43.10077
116.6	43.08558
116.65	43.06923
116.7	43.05707
116.75	43.05192
116.8	43.04733
116.85	43.03868
116.9	43.02886
116.95	43.01731
117	43.00574
117.05	42.99553
117.1	42.98956
117.15	42.98744
117.2	42.98378
117.25	42.97926
117.3	42.97862
117.35	42.9772
117.4	42.97795
117.45	42.98299
117.5	42.98868
117.55	42.99454
117.6	43.00396
117.65	43.01389
117.7	43.02278
117.75	43.03256
117.8	43.04388
117.85	43.05242
117.9	43.06024
117.95	43.0666
118	43.06947
118.05	43.06339
118.1	43.05602
118.15	43.04704
118.2	43.03791
118.25	43.0292
118.3	43.02495
118.35	43.02124
118.4	43.01838
118.45	43.02039
118.5	43.02622
118.55	43.03306
118.6	43.04103
118.65	43.04587
118.7	43.04412
118.75	43.04206
118.8	43.03889
118.85	43.03213
118.9	43.02449
118.95	43.01827
119	43.01037
119.05	43.00289
119.1	42.99822
119.15	42.99929
119.2	42.99692
119.25	42.99048
119.3	42.98418
119.35	42.97606
119.4	42.96362
119.45	42.95178
119.5	42.94033
119.55	42.92834
119.6	42.91852
119.65	42.90925
119.7	42.90237
119.75	42.89925
119.8	42.89602
119.85	42.89273
119.9	42.89171
119.95	42.89298
120	42.89319
120.05	42.89113
120.1	42.89127
120.15	42.89493
120.2	42.90168
120.25	42.91004
120.3	42.92254
120.35	42.93611
120.4	42.94968
120.45	42.96353
120.5	42.9791
120.55	42.99428
120.6	43.00383
120.65	43.01278
120.7	43.02108
120.75	43.02887
120.8	43.03384
120.85	43.03888
120.9	43.04307
120.95	43.04416
121	43.04431
121.05	43.04416
121.1	43.04208
121.15	43.03594
121.2	43.02711
121.25	43.01357
121.3	43.00042
121.35	42.98764
121.4	42.97434
121.45	42.96388
121.5	42.95476
121.55	42.94714
121.6	42.94147
121.65	42.94001
121.7	42.94059
121.75	42.94749
121.8	42.95667
121.85	42.96911
121.9	42.97981
121.95	42.99184
122	43.00388
122.05	43.01821
122.1	43.03187
122.15	43.04358
122.2	43.05043
122.25	43.05387
122.3	43.05495
122.35	43.05528
122.4	43.05507
122.45	43.05411
122.5	43.05242
122.55	43.05063
122.6	43.04975
122.65	43.04795
122.7	43.04552
122.75	43.04363
122.8	43.0403
122.85	43.03504
122.9	43.02811
122.95	43.01949
123	43.00953
123.05	43.00097
123.1	42.99408
123.15	42.99024
123.2	42.98643
123.25	42.98145
123.3	42.9765
123.35	42.97251
123.4	42.96997
123.45	42.96717
123.5	42.96434
123.55	42.96037
123.6	42.95619
123.65	42.95298
123.7	42.95278
123.75	42.95238
123.8	42.95023
123.85	42.94837
123.9	42.94772
123.95	42.94811
124	42.9515
124.05	42.95625
124.1	42.96019
124.15	42.96478
124.2	42.97092
124.25	42.97786
124.3	42.98291
124.35	42.98899
124.4	42.99348
124.45	42.99858
124.5	43.00356
124.55	43.01123
124.6	43.0146
124.65	43.01773
124.7	43.01614
124.75	43.01093
124.8	43.00148
124.85	42.99408
124.9	42.98205
124.95	42.96946
125	42.95707
125.05	42.94743
125.1	42.93604
125.15	42.93193
125.2	42.93472
125.25	42.94232
125.3	42.95144
125.35	42.96499
125.4	42.97747
125.45	42.98767
125.5	42.99471
125.55	43.00258
125.6	43.01134
125.65	43.02074
125.7	43.03024
125.75	43.03937
125.8	43.04664
125.85	43.05023
125.9	43.05031
125.95	43.04937
126	43.0506
126.05	43.05002
126.1	43.04814
126.15	43.04385
126.2	43.03705
126.25	43.02536
126.3	43.01344
126.35	42.99979
126.4	42.9865
126.45	42.96941
126.5	42.95031
126.55	42.93128
126.6	42.91423
126.65	42.90109
126.7	42.89457
126.75	42.89369
126.8	42.89656
126.85	42.90331
126.9	42.91201
126.95	42.92285
127	42.93201
127.05	42.94086
127.1	42.94493
127.15	42.94758
127.2	42.95107
127.25	42.95876
127.3	42.96766
127.35	42.98054
127.4	42.99048
127.45	42.99833
127.5	43.00377
127.55	43.00831
127.6	43.01004
127.65	43.01057
127.7	43.00781
127.75	43.00092
127.8	42.98759
127.85	42.97315
127.9	42.9594
127.95	42.94661
128	42.93656
128.05	42.93149
128.1	42.92745
128.15	42.92524
128.2	42.92718
128.25	42.93206
128.3	42.93634
128.35	42.93992
128.4	42.94101
128.45	42.93658
128.5	42.92796
128.55	42.91823
128.6	42.90918
128.65	42.90124
128.7	42.89704
128.75	42.89865
128.8	42.90535
128.85	42.91662
128.9	42.93299
128.95	42.95112
129	42.96842
129.05	42.98316
129.1	42.99326
129.15	42.99881
129.2	43.0007
129.25	43.00003
129.3	42.99647
129.35	42.99159
129.4	42.98602
129.45	42.98174
129.5	42.97939
129.55	42.98126
129.6	42.98584
129.65	42.99167
129.7	42.99726
129.75	43.00184
129.8	43.00579
129.85	43.01008
129.9	43.01359
129.95	43.01499
130	43.01359
130.05	43.00959
130.1	43.00375
130.15	42.99703
130.2	42.9882
130.25	42.9758
130.3	42.96035
130.35	42.94233
130.4	42.9221
130.45	42.9018
130.5	42.8827
130.55	42.86464
130.6	42.84795
130.65	42.8355
130.7	42.82584
130.75	42.81914
130.8	42.81301
130.85	42.8061
130.9	42.79458
130.95	42.78082
131	42.76726
131.05	42.75396
131.1	42.74085
131.15	42.73154
131.2	42.72749
131.25	42.72853
131.3	42.73571
131.35	42.74945
131.4	42.76763
131.45	42.78763
131.5	42.80763
131.55	42.82763
131.6	42.84763
131.65	42.86763
131.7	42.88038
131.75	42.88505
131.8	42.88395
131.85	42.87788
131.9	42.86769
131.95	42.86114
132	42.85899
132.05	42.85994
132.1	42.86587
132.15	42.87591
132.2	42.88531
132.25	42.89378
132.3	42.89919
132.35	42.89705
132.4	42.88959
132.45	42.88137
132.5	42.87368
132.55	42.86425
132.6	42.85315
132.65	42.83875
132.7	42.82181
132.75	42.80298
132.8	42.78939
132.85	42.78036
132.9	42.77602
132.95	42.77403
133	42.77363
133.05	42.7692
133.1	42.76595
133.15	42.76382
133.2	42.76287
133.25	42.75747
133.3	42.7518
133.35	42.74627
133.4	42.74079
133.45	42.73453
133.5	42.73398
133.55	42.73739
133.6	42.74245
133.65	42.7495
133.7	42.75956
133.75	42.77128
133.8	42.7805
133.85	42.78723
133.9	42.79118
133.95	42.79276
134	42.79163
134.05	42.78983
134.1	42.78445
134.15	42.77794
134.2	42.77096
134.25	42.76579
134.3	42.76106
134.35	42.75831
134.4	42.75675
134.45	42.75719
134.5	42.75551
134.55	42.75545
134.6	42.7603
134.65	42.76861
134.7	42.77556
134.75	42.78364
134.8	42.79535
134.85	42.80797
134.9	42.81788
134.95	42.83056
135	42.84661
135.05	42.85967
135.1	42.86422
135.15	42.86803
135.2	42.87058
135.25	42.86589
135.3	42.85938
135.35	42.85792
135.4	42.85207
135.45	42.84118
135.5	42.82937
135.55	42.81514
135.6	42.79837
135.65	42.78488
135.7	42.77078
135.75	42.75613
135.8	42.74013
135.85	42.72391
135.9	42.70529
135.95	42.68945
136	42.67772
136.05	42.66962
136.1	42.65949
136.15	42.65319
136.2	42.65034
136.25	42.64899
136.3	42.64838
136.35	42.6539
136.4	42.6604
136.45	42.66858
136.5	42.67798
136.55	42.68926
136.6	42.70178
136.65	42.71307
136.7	42.72137
136.75	42.73156
136.8	42.73852
136.85	42.74139
136.9	42.74156
136.95	42.73959
137	42.73571
137.05	42.72989
137.1	42.72261
137.15	42.71629
137.2	42.70989
137.25	42.7026
137.3	42.69779
137.35	42.697
137.4	42.69609
137.45	42.69562
137.5	42.69625
137.55	42.69883
137.6	42.70095
137.65	42.70229
137.7	42.70453
137.75	42.70498
137.8	42.70381
137.85	42.70117
137.9	42.7002
137.95	42.69948
138	42.6976
138.05	42.69675
138.1	42.69808
138.15	42.70218
138.2	42.70503
138.25	42.70725
138.3	42.70932
138.35	42.71042
138.4	42.70644
138.45	42.7038
138.5	42.70146
138.55	42.69771
138.6	42.69036
138.65	42.68516
138.7	42.67996
138.75	42.67504
138.8	42.66909
138.85	42.66579
138.9	42.66342
138.95	42.65879
139	42.65436
139.05	42.64981
139.1	42.64561
139.15	42.63913
139.2	42.63481
139.25	42.62845
139.3	42.62538
139.35	42.61978
139.4	42.61739
139.45	42.61332
139.5	42.61358
139.55	42.61266
139.6	42.61717
139.65	42.6193
139.7	42.62531
139.75	42.62872
139.8	42.63618
139.85	42.63894
139.9	42.6435
139.95	42.64491
140	42.6481
140.05	42.64529
140.1	42.64426
140.15	42.64284
140.2	42.64424
140.25	42.64187
140.3	42.64119
140.35	42.64067
140.4	42.64068
140.45	42.63876
140.5	42.63962
140.55	42.64125
140.6	42.6411
140.65	42.63745
140.7	42.63215
140.75	42.62887
140.8	42.62516
140.85	42.62007
140.9	42.61578
140.95	42.6122
141	42.60544
141.05	42.59726
141.1	42.59147
141.15	42.5883
141.2	42.58299
141.25	42.57632
141.3	42.57202
141.35	42.56765
141.4	42.56003
141.45	42.55349
141.5	42.54926
141.55	42.54178
141.6	42.53172
141.65	42.52247
141.7	42.5157
141.75	42.50711
141.8	42.49932
141.85	42.496
141.9	42.49545
141.95	42.49403
142	42.49696
142.05	42.50495
142.1	42.51348
142.15	42.52038
142.2	42.53056
142.25	42.54063
142.3	42.54824
142.35	42.55373
142.4	42.56168
142.45	42.56737
142.5	42.57135
142.55	42.57597
142.6	42.58276
142.65	42.58696
142.7	42.58998
142.75	42.5938
142.8	42.5962
142.85	42.5951
142.9	42.59291
142.95	42.58902
143	42.58347
143.05	42.57557
143.1	42.56773
143.15	42.55977
143.2	42.55187
143.25	42.54284
143.3	42.53667
143.35	42.5302
143.4	42.52374
143.45	42.51717
143.5	42.51227
143.55	42.50448
143.6	42.49699
143.65	42.48988
143.7	42.48397
143.75	42.47621
143.8	42.4701
143.85	42.46616
143.9	42.46346
143.95	42.46022
144	42.46019
144.05	42.46071
144.1	42.45873
144.15	42.45664
144.2	42.45584
144.25	42.45461
144.3	42.45197
144.35	42.45064
144.4	42.44941
144.45	42.44763
144.5	42.44531
144.55	42.44546
144.6	42.44728
144.65	42.45063
144.7	42.45514
144.75	42.45912
144.8	42.46246
144.85	42.46533
144.9	42.46766
144.95	42.4697
145	42.47253
145.05	42.47508
145.1	42.47517
145.15	42.47548
145.2	42.47761
145.25	42.47902
145.3	42.47923
145.35	42.48169
145.4	42.48367
145.45	42.48449
145.5	42.48456
145.55	42.48687
145.6	42.48859
145.65	42.48992
145.7	42.49075
145.75	42.49473
145.8	42.49779
145.85	42.50114
145.9	42.50505
145.95	42.51112
146	42.51506
146.05	42.51739
146.1	42.51952
146.15	42.5223
146.2	42.52198
146.25	42.5196
146.3	42.51942
146.35	42.51918
146.4	42.51601
146.45	42.51414
146.5	42.51512
146.55	42.51442
146.6	42.51103
146.65	42.5101
146.7	42.50963
146.75	42.50731
146.8	42.50299
146.85	42.50233
146.9	42.5008
146.95	42.49714
147	42.49574
147.05	42.49911
147.1	42.50113
147.15	42.5021
147.2	42.50673
147.25	42.5128
147.3	42.51789
147.35	42.52129
147.4	42.52823
147.45	42.5335
147.5	42.53697
147.55	42.5399
147.6	42.54686
147.65	42.55044
147.7	42.55252
147.75	42.55428
147.8	42.55739
147.85	42.55763
147.9	42.5565
147.95	42.55507
148	42.55141
148.05	42.54537
148.1	42.53873
148.15	42.53512
148.2	42.53006
148.25	42.52508
148.3	42.51975
148.35	42.51802
148.4	42.51476
148.45	42.51487
148.5	42.51604
148.55	42.51923
148.6	42.51934
148.65	42.52188
148.7	42.52432
148.75	42.52712
148.8	42.52628
148.85	42.52669
148.9	42.52564
148.95	42.5235
149	42.52204
149.05	42.5238
149.1	42.52384
149.15	42.52261
149.2	42.52259
149.25	42.52295
149.3	42.52344
149.35	42.52366
149.4	42.52461
149.45	42.52213
149.5	42.51674
149.55	42.50956
149.6	42.50595
149.65	42.50186
149.7	42.49984
149.75	42.4974
149.8	42.49716
149.85	42.49652
149.9	42.49775
149.95	42.49992
150	42.50764
150.05	42.5156
150.1	42.52183
150.15	42.52818
150.2	42.53628
150.25	42.54302
150.3	42.54763
150.35	42.55501
150.4	42.5637
150.45	42.57
150.5	42.57219
150.55	42.57644
150.6	42.57844
150.65	42.57882
150.7	42.57707
150.75	42.5795
150.8	42.57988
150.85	42.57852
150.9	42.57391
150.95	42.57157
151	42.56577
151.05	42.55992
151.1	42.55385
151.15	42.5514
151.2	42.54706
151.25	42.54211
151.3	42.53717
151.35	42.53248
151.4	42.52475
151.45	42.51687
151.5	42.51085
151.55	42.50358
151.6	42.49558
151.65	42.48631
151.7	42.47817
151.75	42.46901
151.8	42.45978
151.85	42.45061
151.9	42.44442
151.95	42.43689
152	42.42795
152.05	42.4203
152.1	42.41584
152.15	42.41125
152.2	42.40649
152.25	42.40458
152.3	42.40361
152.35	42.40136
152.4	42.39829
152.45	42.39963
152.5	42.40053
152.55	42.39869
152.6	42.3955
152.65	42.39226
152.7	42.38556
152.75	42.37698
152.8	42.36987
152.85	42.36449
152.9	42.35929
152.95	42.35345
153	42.35068
153.05	42.35047
153.1	42.35023
153.15	42.35304
153.2	42.35936
153.25	42.3655
153.3	42.36801
153.35	42.36817
153.4	42.3661
153.45	42.36156
153.5	42.35517
153.55	42.35104
153.6	42.34988
153.65	42.35013
153.7	42.3515
153.75	42.35544
153.8	42.35926
153.85	42.36125
153.9	42.36067
153.95	42.35912
154	42.35519
154.05	42.34763
154.1	42.33698
154.15	42.3241
154.2	42.31156
154.25	42.30017
154.3	42.29297
154.35	42.28977
154.4	42.28866
154.45	42.28824
154.5	42.28668
154.55	42.28564
154.6	42.28544
154.65	42.28531
154.7	42.28335
154.75	42.28026
154.8	42.27691
154.85	42.2717
154.9	42.26803
154.95	42.26507
155	42.26369
155.05	42.26125
155.1	42.25887
155.15	42.25869
155.2	42.26082
155.25	42.2603
155.3	42.25904
155.35	42.25772
155.4	42.25733
155.45	42.25544
155.5	42.25838
155.55	42.26406
155.6	42.27132
155.65	42.27744
155.7	42.28701
155.75	42.29869
155.8	42.31266
155.85	42.32632
155.9	42.3403
155.95	42.35097
156	42.35842
156.05	42.36115
156.1	42.36395
156.15	42.36578
156.2	42.36403
156.25	42.36118
156.3	42.36027
156.35	42.36271
156.4	42.36424
156.45	42.3707
156.5	42.3801
156.55	42.38777
156.6	42.39278
156.65	42.39931
156.7	42.40533
156.75	42.40839
156.8	42.40768
156.85	42.40725
156.9	42.4042
156.95	42.39963
157	42.396
157.05	42.3964
157.1	42.39748
157.15	42.39831
157.2	42.40155
157.25	42.40685
157.3	42.41463
157.35	42.42388
157.4	42.43333
157.45	42.44399
157.5	42.45375
157.55	42.4619
157.6	42.47068
157.65	42.48019
157.7	42.48792
157.75	42.49355
157.8	42.49791
157.85	42.5024
157.9	42.50897
157.95	42.51524
158	42.52419
158.05	42.53562
158.1	42.54706
158.15	42.55731
158.2	42.57068
158.25	42.58571
158.3	42.6029
158.35	42.62009
158.4	42.64009
158.45	42.66009
158.5	42.68009
158.55	42.70009
158.6	42.72009
158.65	42.74009
158.7	42.76009
158.75	42.78009
158.8	42.80009
158.85	42.82009
158.9	42.84009
158.95	42.86009
159	42.88009
159.05	42.90009
159.1	42.92009
159.15	42.94009
159.2	42.96009
159.25	42.98009
159.3	43.00009
159.35	43.02009
159.4	43.04009
159.45	43.06009
159.5	43.08009
159.55	43.10009
159.6	43.12009
159.65	43.14009
159.7	43.16009
159.75	43.18009
159.8	43.20009
159.85	43.22009
159.9	43.24009
159.95	43.26009
160	43.28009
160.05	43.30009
160.1	43.32009
160.15	43.34009
160.2	43.36009
160.25	43.38009
160.3	43.40009
160.35	43.42009
160.4	43.44009
160.45	43.46009
160.5	43.48009
160.55	43.50009
160.6	43.52009
160.65	43.54009
160.7	43.56009
160.75	43.58009
160.8	43.60009
160.85	43.62009
160.9	43.64009
160.95	43.90153
161	44.16924
161.05	44.42516
161.1	44.69033
161.15	44.96117
161.2	44.99344
161.25	45.02053
161.3	45.06318
161.35	45.11574
161.4	45.16964
161.45	45.22073
161.5	45.28162
161.55	45.34202
161.6	45.39968
161.65	45.45856
161.7	45.52354
161.75	45.5917
161.8	45.65858
161.85	45.71413
161.9	45.78742
161.95	45.87275
162	45.96069
162.05	46.05081
162.1	46.14947
162.15	46.26884
162.2	46.39763
162.25	46.53902
162.3	46.71206
162.35	46.89767
162.4	47.06111
162.45	47.22463
162.5	47.40333
162.55	47.59652
162.6	47.79388
162.65	48.00851
162.7	48.23549
162.75	48.4547
162.8	48.66567
162.85	48.888
162.9	49.11724
162.95	49.35565
163	49.60693
163.05	49.86733
163.1	50.13139
163.15	50.41183
163.2	50.70197
163.25	51.00741
163.3	51.32789
163.35	51.67098
163.4	52.0136
163.45	52.36777
163.5	52.71422
163.55	53.05292
163.6	53.37854
163.65	53.70352
163.7	54.00678
163.75	54.31666
163.8	54.61819
163.85	54.92265
163.9	55.20356
163.95	55.49128
164	55.77241
164.05	56.03903
164.1	56.29102
164.15	56.5594
164.2	56.81515
164.25	57.06414
164.3	57.31
164.35	57.56067
164.4	57.78645
164.45	58.0128
164.5	58.24578
164.55	58.47905
164.6	58.68687
164.65	58.89908
164.7	59.10566
164.75	59.30675
164.8	59.49637
164.85	59.68436
164.9	59.86485
164.95	60.02193
165	60.16583
165.05	60.32861
165.1	60.48044
165.15	60.61743
165.2	60.7579
165.25	60.87787
165.3	60.9955
165.35	61.12286
165.4	61.25
165.45	61.37082
165.5	61.49142
165.55	61.59978
165.6	61.70995
165.65	61.82181
165.7	61.93945
165.75	62.0409
165.8	62.10821
165.85	62.17539
165.9	62.24251
165.95	62.29946
166	62.38019
166.05	62.47067
166.1	62.52497
166.15	62.59113
166.2	62.65911
166.25	62.72889
166.3	62.81241
166.35	62.93759
166.4	63.03247
166.45	63.09513
166.5	63.13564
166.55	63.18798
166.6	63.19015
166.65	63.20023
166.7	63.23217
166.75	63.26798
166.8	63.25778
166.85	63.26557
166.9	63.2794
166.95	63.31526
167	63.32911
167.05	63.38689
167.1	63.46452
167.15	63.5519
167.2	63.6171
167.25	63.68619
167.3	63.73326
167.35	63.76834
167.4	63.7794
167.45	63.78635
167.5	63.79108
167.55	63.78158
167.6	63.73386
167.65	63.69197
167.7	63.66991
167.75	63.65559
167.8	63.64892
167.85	63.66602
167.9	63.69283
167.95	63.68956
168	63.70429
168.05	63.75909
168.1	63.81176
168.15	63.85643
168.2	63.92305
168.25	63.97169
168.3	63.98025
168.35	63.99091
168.4	63.99364
168.45	63.98237
168.5	63.93909
168.55	63.87997
168.6	63.84297
168.65	63.81596
168.7	63.80285
168.75	63.82776
168.8	63.87678
168.85	63.90787
168.9	63.9052
168.95	63.89476
169	63.8905
169.05	63.85021
169.1	63.8019
169.15	63.76565
169.2	63.74938
169.25	63.70089
169.3	63.71007
169.35	63.7509
169.4	63.79535
169.45	63.80557
169.5	63.81574
169.55	63.78196
169.6	63.71405
169.65	63.62199
169.7	63.55587
169.75	63.46765
169.8	63.37111
169.85	63.29038
169.9	63.24146
169.95	63.19625
170	63.18277
170.05	63.20942
170.1	63.23234
170.15	63.23132
170.2	63.22045
170.25	63.19799
170.3	63.12586
170.35	63.04376
170.4	62.95775
170.45	62.85379
170.5	62.75565
170.55	62.67938
170.6	62.61938
170.65	62.5618
170.7	62.50846
170.75	62.49738
170.8	62.49469
170.85	62.49824
170.9	62.53802
170.95	62.56813
171	62.55438
171.05	62.55043
171.1	62.55219
171.15	62.55175
171.2	62.53526
171.25	62.52062
171.3	62.474
171.35	62.39139
171.4	62.26653
171.45	62.1632
171.5	62.03743
171.55	61.911
171.6	61.78179
171.65	61.66585
171.7	61.55944
171.75	61.49466
171.8	61.44556
171.85	61.44227
171.9	61.45088
171.95	61.43347
172	61.40238
172.05	61.36591
172.1	61.2961
172.15	61.22675
172.2	61.17362
172.25	61.1247
172.3	61.06795
172.35	60.99156
172.4	60.91786
172.45	60.85486
172.5	60.80641
172.55	60.79434
172.6	60.79864
172.65	60.79317
172.7	60.76803
172.75	60.70924
172.8	60.62281
172.85	60.53644
172.9	60.4319
172.95	60.30891
173	60.17327
173.05	60.02223
173.1	59.85299
173.15	59.69601
173.2	59.56839
173.25	59.50342
173.3	59.44278